# Created by Octave 5.1.0, Mon Apr 29 15:42:52 2019 GMT <unknown@NickLc>
# name: I_final
# type: matrix
# rows: 50
# columns: 50
 255 255 255 255 255 255 255 255 255 255 255 255 255 255 255 255 255 255 255 255 255 255 255 255 255 255 255 255 255 255 255 255 255 255 255 255 255 255 255 255 255 255 255 255 255 255 255 255 255 255
 255 255 255 255 255 255 255 255 255 255 255 255 255 255 255 255 255 255 255 255 255 255 255 255 255 255 255 255 255 255 255 255 255 255 255 255 255 255 255 255 255 255 255 255 255 255 255 255 255 255
 255 255 255 255 255 255 255 255 255 255 255 255 255 255 255 255 255 255 255 255 255 0 0 255 255 255 255 255 255 255 255 255 255 255 255 255 255 255 255 255 255 255 255 255 255 255 255 255 255 255
 255 255 255 255 255 255 255 255 255 255 255 255 255 255 255 255 255 0 0 0 0 0 0 0 0 0 0 0 0 0 0 0 255 255 255 255 255 255 255 255 255 255 255 255 255 255 255 255 255 255
 255 255 255 255 255 255 255 255 255 255 255 255 255 255 255 255 0 0 0 0 0 0 0 0 0 0 0 0 0 0 0 0 0 0 255 255 255 255 255 255 255 255 255 255 255 255 255 255 255 255
 255 255 255 255 255 255 255 255 255 255 255 255 255 255 255 0 0 0 0 0 0 0 0 0 0 0 0 0 0 0 0 0 0 0 0 0 255 255 255 255 255 255 255 255 255 255 255 255 255 255
 255 255 255 255 255 255 255 255 255 255 255 255 255 255 0 0 0 0 0 0 0 0 0 0 0 0 0 0 0 0 0 0 0 0 0 0 0 255 255 255 255 255 255 255 255 255 255 255 255 255
 255 255 255 255 255 255 255 255 255 255 255 255 255 0 0 0 0 0 0 0 0 0 0 0 0 0 0 0 0 0 0 0 0 0 0 0 0 0 255 255 255 255 255 255 255 255 255 255 255 255
 255 255 255 255 255 255 255 255 255 255 255 255 0 0 0 0 0 0 0 0 0 0 0 0 0 0 0 0 0 0 0 0 0 0 0 0 0 0 0 255 255 255 255 255 255 255 255 255 255 255
 255 255 255 255 255 255 255 255 255 255 255 0 0 0 0 0 0 0 0 0 0 0 0 0 0 0 0 0 0 0 0 0 0 0 0 0 0 0 0 0 255 255 255 255 255 255 255 255 255 255
 255 255 255 255 255 255 255 255 255 255 0 0 0 0 0 0 0 0 0 0 0 0 0 0 0 0 0 0 0 0 0 0 0 0 0 0 0 0 0 0 255 255 255 255 255 255 255 255 255 255
 255 255 255 255 255 255 255 255 255 0 0 0 0 0 0 0 0 0 0 0 0 0 0 0 0 0 0 0 0 0 0 0 0 0 0 0 0 0 0 0 0 255 255 255 255 255 255 255 255 255
 255 255 255 255 255 255 255 255 255 0 0 0 0 0 0 0 0 0 0 0 0 0 0 0 0 0 0 0 0 0 0 0 0 0 0 0 0 0 0 0 0 0 255 255 255 255 255 255 255 255
 255 255 255 255 255 255 255 255 0 0 0 0 0 0 0 0 0 0 0 0 0 0 0 0 0 0 0 0 0 0 0 0 0 0 0 0 0 0 0 0 0 0 255 255 255 255 255 255 255 255
 255 255 255 255 255 255 255 0 0 0 0 0 0 0 0 0 0 0 0 0 0 0 0 0 0 0 0 0 0 0 0 0 0 0 0 0 0 0 0 0 0 0 0 255 255 255 255 255 255 255
 255 255 255 255 255 255 255 0 0 0 0 0 0 0 0 0 0 0 0 0 0 255 255 255 255 255 0 0 0 0 0 0 0 0 0 0 0 0 0 0 0 0 0 255 255 255 255 255 255 255
 255 255 255 255 255 255 0 0 0 0 0 0 0 0 0 0 0 0 0 255 255 255 255 255 255 255 255 255 255 0 0 0 0 0 0 0 0 0 0 0 0 0 0 0 255 255 255 255 255 255
 255 255 255 255 255 255 0 0 0 0 0 0 0 0 0 0 0 0 255 255 255 255 255 255 255 255 255 255 255 255 0 0 0 0 0 0 0 0 0 0 0 0 0 0 255 255 255 255 255 255
 255 255 255 255 255 255 0 0 0 0 0 0 0 0 0 0 0 0 255 255 255 255 255 255 255 255 255 255 255 255 255 0 0 0 0 0 0 0 0 0 0 0 0 0 255 255 255 255 255 255
 255 255 255 255 255 0 0 0 0 0 0 0 0 0 0 0 0 255 255 255 255 255 255 255 255 255 255 255 255 255 255 255 0 0 0 0 0 0 0 0 0 0 0 0 0 255 255 255 255 255
 255 255 255 255 255 0 0 0 0 0 0 0 0 0 0 0 0 255 255 255 255 255 255 255 255 255 255 255 255 255 255 255 255 0 0 0 0 0 0 0 0 0 0 0 0 255 255 255 255 255
 255 255 255 255 255 0 0 0 0 0 0 0 0 0 0 0 255 255 255 255 255 255 255 255 255 255 255 255 255 255 255 255 255 0 0 0 0 0 0 0 0 0 0 0 0 255 255 255 255 255
 255 255 255 255 255 0 0 0 0 0 0 0 0 0 0 0 255 255 255 255 255 255 255 255 255 255 255 255 255 255 255 255 255 255 0 0 0 0 0 0 0 0 0 0 0 255 255 255 255 255
 255 255 255 255 255 0 0 0 0 0 0 0 0 0 0 0 255 255 255 255 255 255 255 255 255 255 255 255 255 255 255 255 255 255 0 0 0 0 0 0 0 0 0 0 0 0 255 255 255 255
 255 255 255 255 0 0 0 0 0 0 0 0 0 0 0 0 255 255 255 255 255 255 255 255 255 255 255 255 255 255 255 255 255 255 0 0 0 0 0 0 0 0 0 0 0 0 255 255 255 255
 255 255 255 255 0 0 0 0 0 0 0 0 0 0 0 0 0 0 0 255 255 255 255 255 255 255 255 255 255 255 255 255 255 0 0 0 0 0 0 0 0 0 0 0 0 0 255 255 255 255
 255 255 255 255 0 0 0 0 0 0 0 0 0 0 0 0 0 0 0 0 0 255 255 255 255 255 255 255 255 0 0 0 0 0 0 0 0 0 0 0 0 0 0 0 0 0 255 255 255 255
 255 255 255 255 0 0 0 0 0 0 0 0 0 255 255 255 255 255 255 0 0 0 255 255 255 255 255 255 0 0 0 255 255 255 255 255 0 0 0 0 0 0 0 0 0 0 255 255 255 255
 255 255 255 255 0 0 0 0 0 0 0 0 0 255 255 0 0 255 255 255 255 0 255 255 255 255 255 255 255 255 255 255 255 255 255 255 0 0 0 0 0 0 0 0 0 0 255 255 255 255
 255 255 255 0 0 0 0 0 0 0 0 0 0 0 0 0 0 0 0 0 255 0 255 255 255 255 255 0 255 255 0 0 0 0 0 0 0 0 0 0 0 0 0 0 0 0 255 255 255 255
 255 255 255 0 0 0 0 0 0 0 0 0 0 0 0 0 0 0 0 0 255 0 0 255 255 255 255 0 255 0 0 0 0 0 0 0 0 0 0 0 0 0 0 0 0 0 0 255 255 255
 255 255 255 0 0 0 0 0 0 0 0 0 0 0 0 255 0 0 0 255 255 255 0 255 255 255 0 0 255 255 255 0 0 255 255 0 0 0 0 0 0 0 0 0 0 0 0 255 255 255
 255 255 255 0 0 0 0 0 0 0 0 0 0 0 0 0 0 0 0 255 0 255 0 0 255 255 0 0 255 0 255 0 0 0 0 0 0 0 0 0 0 0 0 0 0 0 0 255 255 255
 255 255 255 0 0 0 0 0 0 0 0 0 0 0 0 0 0 0 0 255 255 0 0 0 255 255 0 0 255 255 255 0 0 0 0 0 0 0 0 0 0 0 0 0 0 0 0 255 255 255
 255 255 255 0 0 0 0 0 0 0 0 0 0 255 255 255 255 255 255 255 255 0 0 0 255 255 0 0 255 255 255 255 255 255 255 255 0 0 0 0 0 0 0 0 0 0 0 255 255 255
 255 255 255 0 0 0 0 0 0 0 0 0 0 255 255 255 255 255 255 255 255 255 0 0 255 255 0 0 255 255 255 255 255 255 255 255 255 0 0 0 0 0 0 0 0 0 0 255 255 255
 255 255 255 0 0 0 0 0 0 0 0 0 255 255 255 255 255 255 255 255 255 255 0 0 255 255 255 0 255 255 255 255 255 255 255 255 255 0 0 0 0 0 0 0 0 0 0 255 255 255
 255 255 0 0 0 0 0 0 0 0 0 0 255 255 255 255 255 255 255 255 255 0 0 255 255 255 255 0 0 255 255 255 255 255 255 255 255 0 0 0 0 0 0 0 0 0 0 255 255 255
 255 255 0 0 0 0 0 0 0 0 0 0 255 255 255 255 255 255 255 255 255 0 0 255 255 255 255 0 0 255 255 255 255 255 255 255 255 255 0 0 0 0 0 0 0 0 0 255 255 255
 255 255 0 0 0 0 0 0 0 0 0 0 255 255 255 255 255 255 255 255 255 255 255 255 255 255 255 0 0 255 255 255 255 255 255 255 255 255 0 0 0 0 0 0 0 0 0 255 255 255
 255 255 0 0 0 0 0 0 0 0 0 0 0 255 255 255 255 255 255 255 255 0 0 0 255 255 0 0 0 255 255 255 255 255 255 255 255 0 0 0 0 0 0 0 0 0 0 255 255 255
 255 255 0 0 0 0 0 0 0 0 0 0 0 255 255 255 255 255 255 255 255 0 0 0 0 0 0 0 0 255 255 255 255 255 255 255 255 0 0 0 0 0 0 0 0 0 0 0 255 255
 255 255 0 0 0 0 0 0 0 0 0 0 0 255 255 255 255 255 255 255 255 255 0 255 255 255 255 0 255 255 255 255 255 255 255 255 255 0 0 0 0 0 0 0 0 0 0 0 255 255
 255 255 0 0 0 0 0 0 0 0 0 0 0 0 255 255 255 255 255 255 255 255 255 255 255 255 255 255 255 255 255 255 255 255 255 255 0 0 0 0 0 0 0 0 0 0 0 0 255 255
 255 0 0 0 0 0 0 0 0 0 0 0 0 0 255 255 255 255 255 255 255 255 255 255 255 255 255 255 255 255 255 255 255 255 255 255 0 0 0 0 0 0 0 0 0 0 0 0 255 255
 255 0 0 0 0 0 0 0 0 0 0 0 0 0 0 255 255 255 255 255 255 255 0 0 255 0 0 255 255 255 255 255 255 255 255 255 0 0 0 0 0 0 0 0 0 0 0 0 255 255
 255 0 0 0 0 0 0 0 0 0 0 0 0 0 0 255 255 255 255 0 0 0 0 0 0 0 0 0 0 0 0 255 255 255 255 255 0 0 0 0 0 0 0 0 0 0 0 0 0 255
 255 0 0 0 0 0 0 0 0 0 0 0 0 0 0 255 255 255 0 0 0 0 0 0 0 0 0 0 0 0 0 0 255 255 255 0 0 0 0 0 0 0 0 0 0 0 0 0 0 255
 255 0 0 0 0 0 0 0 0 0 0 0 0 0 0 255 255 0 0 0 0 0 0 0 0 0 0 0 0 0 0 0 255 255 255 0 0 0 0 0 0 0 0 0 0 0 0 0 0 0
 255 0 0 0 0 0 0 0 0 0 0 0 0 0 0 0 255 0 0 0 0 0 0 0 0 0 0 0 0 0 0 0 255 255 0 0 0 0 0 0 0 0 0 0 0 0 0 0 0 0


