# Created by Octave 5.1.0, Tue May 28 14:38:36 2019 GMT <unknown@NickLc>
# name: ne
# type: scalar
3


# name: nm
# type: scalar
30


# name: ns
# type: scalar
2


# name: v
# type: matrix
# rows: 3
# columns: 30
 0.079946449921548937 -0.11359419393061503 -0.097871566296308068 -0.091183724190701462 0.096118681766252614 -0.021006656972049346 0.018263514360740696 0.18014261532694406 0.0841515299873873 -0.095710709117533571 0.079000333362652039 0.036537109302138174 -0.11296974660482216 0.15160097674317805 0.098264530046835552 -0.10589285599303179 -0.11191020465753221 0.0015576892727284508 -0.023852335695009799 0.0038026425526865178 0.31117021260641142 -0.0070593458179008814 0.036753709428425395 0.06963318642594539 -0.10227278080280935 -0.072617552771704827 0.1532331997094184 -0.088723953814815251 0.042764265180388734 0.095461940469926787
 -0.090547202198034263 0.0014689577470099831 -0.057743122660669936 0.093748437015360161 0.055607628856323338 0.15114372663099704 -0.094713215917851923 -0.089379087265377063 0.067807887154309493 -0.22779506410576159 -0.0053243984691498823 0.011600049322507208 0.14661942666705333 -0.031686878521756869 -0.16217208625366131 -0.046139450206161815 0.14358989770134897 0.094811711015317865 0.2076638941759768 0.088772475009913934 -0.063066705299493264 0.026825940158532291 0.099431846203582752 0.065625425664102913 0.06261103245484502 0.024640428510517638 0.026761623519265632 0.1898545586648939 -0.014477098184310639 -0.10677575790527759
 -0.17405929339375609 0.22665000606778793 -0.16949510278393712 0.08507926800437178 0.044748551860658153 -0.20809556837604104 -0.26414326927890464 -0.080368124722741865 0.21574015110770919 0.0038782379985370084 0.25056172798803189 0.10842294253336779 -0.26387018162797865 0.17129292365428753 -0.074208022557211678 0.096125232814271142 0.59959166786873197 0.20955690937659194 -0.18558872069224461 -0.15202098480705931 -0.21695714605282893 -0.16859496104648899 0.12423503249350203 0.039296005608266016 0.020560384441209154 -0.01601432083601009 -0.33175427394290691 0.060017220056891175 0.047395434391720365 -0.12365971312704284


# name: w
# type: matrix
# rows: 30
# columns: 2
 0.20607834187461158 -0.097371889401917516
 0.027149946439816473 0.3156439743850894
 0.039874117895481523 -0.15844017956286768
 0.062236753274024503 0.20449265239152678
 0.055894026271175866 0.10670396770200867
 0.13249344277096817 -0.14926819649385753
 0.133285066085292 -0.21472553980748685
 0.21249226074453473 0.045498123363248814
 -0.21018789660520293 0.09065452138651485
 0.21849846255496039 0.043859023222636663
 -0.049642321294191792 0.21633075512758723
 -0.012916033122082036 0.10647194398399899
 0.17991006349294658 -0.14313615329018678
 0.11051936912966244 0.22397431361076828
 0.16244459546771417 -0.077934722193835376
 0.087808653114122767 0.25007512443420776
 -0.27161992874323415 0.52500736169177709
 -0.12271739908560993 0.26043342663600638
 0.090689659235620043 -0.047632057437116258
 0.083752376848133372 -0.084846254259197243
 0.10628696863895139 -0.21515789019322049
 -0.043094071289806003 -0.186337803629892
 -0.14433651247204218 -0.05237230333329318
 -0.041092119357598496 0.030902746220287613
 0.091021331676161818 0.036497539727864146
 0.083019017620476684 0.083570268492398708
 0.10811092896354052 -0.38045746828309057
 -0.053158998713539997 0.075938366703383692
 0.03686114405593386 -0.013451086986340092
 0.25954096098737811 -0.055249957763449938


# name: c
# type: matrix
# rows: 30
# columns: 1
 -0.013380525395264218
 0.018826832514219734
 -0.0095495972203151029
 0.011770961225795167
 0.0059364648960398463
 -0.020954219484636553
 -0.013148303180853907
 0.0001275836397216157
 0.011162401616306196
 -0.013073084240518179
 0.011640493450274883
 0.0060298479806840579
 -0.01952006937408788
 0.0070805589697543981
 -0.015579506186136072
 0.020541916609983668
 0.0054058892765314545
 0.028559776735173389
 -0.002607257755088294
 -0.0079699975662865848
 -0.011681064632816707
 -0.0058435129509991461
 -0.01150919783915026
 0.0041422315253458221
 -0.012184367634931748
 0.0046112746420357105
 -0.03074550099299227
 0.00268873338377655
 -0.012233413243955589
 -0.018784781794951098


# name: a
# type: matrix
# rows: 30
# columns: 1
 0.95605742584763176
 0.93192884303938428
 0.97068353532296381
 0.98410656120364537
 0.99760995237412831
 0.96474124251614002
 0.91913613822091655
 0.99488227750297031
 0.95520471407182606
 1.0019507607157343
 0.94476092333818351
 0.98866506735397819
 0.94685859532162786
 0.97880288915770675
 0.98251801728953347
 0.99537074262162339
 0.46202530076362497
 0.93610033901413603
 0.99220032736629937
 0.98335475629058378
 0.92893781160497402
 0.97711856746664916
 1.0234909698678156
 0.99760432101892038
 1.0113380603693107
 1.0023868397645337
 0.85122634206346115
 0.98930171640621445
 1.013994317392181
 0.96970304943500696


