# Created by Octave 5.1.0, Wed Jun 19 14:06:48 2019 GMT <unknown@NickLc>
# name: nm
# type: scalar
50


# name: v
# type: matrix
# rows: 2
# columns: 50
 -1.0986569260256773 -0.35117043186377739 1.7871858351527115 0.2472424984986003 -1.8063835711242979 -0.2042823063568128 -0.27071370474434364 -0.13241357164197226 -2.1286035344514183 0.4773027833769406 -2.1461905071230754 1.1448307984815351 -0.95001809832731143 -1.0808962535974851 -0.1489611776924693 0.10478989842462448 1.9711334121657542 0.47048726226316323 -0.72889762647421641 1.6353738784392291 0.91809897232389104 -0.92572362479783576 0.1094336540030096 -0.028252316643296044 -0.37121466752222804 0.47907143576736738 -0.22982706225107508 0.56061763023568789 1.5493800022689688 -1.3606072258028474 1.893305068246238 -0.18835153094129869 0.95859453846862752 2.5686803016048358 0.18978483105033012 1.397771406938038 0.15122740527331954 0.41022327962567884 0.91502554693077931 2.2347921456882434 1.3323429034165535 0.57153880983373229 0.2925923846650802 -0.7419520954671861 -0.31359391050515145 0.068482392542929801 -2.096413389168335 2.6035928361733234 1.0959061835648896 0.80639154067140761
 -1.255455192094957 -0.52589858854953642 1.9890419907376302 0.43673400061180051 0.56404002889664862 -0.3881542277282734 -0.4368687952885707 -0.33672829688743894 -1.0312223362558846 0.59737595155361034 0.084893756652292082 -0.42937326595031494 -1.1063421580097235 -0.1542073426393108 0.093146398259167026 0.13891462828611048 -0.59683249518171444 0.37319366640953949 -0.90762564931985412 0.7006044900614935 0.28330021051336302 -0.42288203604894842 0.25046477923842064 0.24222944351879161 -0.54108815483876826 0.61461656101789675 -0.34423446088658749 0.05753457321162584 -0.69109885822896022 0.58033682927263763 2.0757203789820862 -0.37628697585428111 1.1126699559399804 1.2890397138380958 0.10081245291950411 -0.53074874812573281 0.35005358866474867 0.52637346396142803 1.068276675400293 0.7333076827692887 -0.3172897003752323 0.38243165636726123 0.45890716048269464 -0.88904920074990779 -0.49912435541204025 -0.035236490388160166 0.52593124224727239 0.31340843544021757 1.2607778308265909 0.95563778893538132


# name: w
# type: matrix
# rows: 50
# columns: 1
 -0.90154506425146164
 -1.0805287736563238
 1.5631681795211605
 1.5196206780977795
 -2.3175164941664677
 -0.61659450837005403
 0.21886701778469447
 -0.20506772842774595
 0.77486014443920814
 0.3678899212009219
 -0.99754717658082304
 1.1327126114417516
 -1.0041717381227637
 -0.24180193199866643
 0.23000746596004226
 0.027300641913409258
 2.823456556282701
 0.083691100521807171
 -0.78169721022680261
 -1.0047766334352639
 -0.95980888239711637
 0.30630472476990517
 0.17435431686001474
 1.0958009407410638
 -1.2691354434854099
 2.1964360293066911
 -0.4135336413842407
 -1.2742719826660871
 2.2876395530623332
 -1.6063365329027619
 1.3912337296343749
 -0.36056888508836932
 1.1401186883164107
 -0.71957237297330368
 0.27553512079996123
 1.4680826684437791
 0.52745102283432765
 0.40058356578386239
 1.0290859867693061
 0.10648497084852941
 0.83578620359056599
 0.13656408259686337
 0.70576731245714219
 -1.2676262084881411
 -0.85503050726928431
 -0.066179838621010303
 -2.7831591434280987
 0.65715963101475361
 0.77841335791916177
 1.0592750290746056


# name: c
# type: matrix
# rows: 50
# columns: 1
 0
 0
 0
 0
 0
 0
 0
 0
 0
 0
 0
 0
 0
 0
 0
 0
 0
 0
 0
 0
 0
 0
 0
 0
 0
 0
 0
 0
 0
 0
 0
 0
 0
 0
 0
 0
 0
 0
 0
 0
 0
 0
 0
 0
 0
 0
 0
 0
 0
 0


# name: a
# type: matrix
# rows: 50
# columns: 1
 1
 1
 1
 1
 1
 1
 1
 1
 1
 1
 1
 1
 1
 1
 1
 1
 1
 1
 1
 1
 1
 1
 1
 1
 1
 1
 1
 1
 1
 1
 1
 1
 1
 1
 1
 1
 1
 1
 1
 1
 1
 1
 1
 1
 1
 1
 1
 1
 1
 1


