# Created by Octave 5.1.0, Tue Apr 30 00:25:45 2019 GMT <unknown@NickLc>
# name: ne
# type: scalar
401


# name: ns
# type: scalar
4


# name: nm
# type: scalar
3


# name: v
# type: matrix
# rows: 401
# columns: 3
 0.03842561904793558 0.020095916412802173 -0.0016658353111431601
 -0.074477667596237737 0.051620766632335884 0.0039677535303479505
 -0.052326263314537769 0.09975235861864401 -0.044993810597052486
 0.033046781783455818 0.004599527128259462 -0.038125464921455
 -0.1170443626580395 0.067226339615508821 -0.07391906229395212
 -0.15921824389386674 0.012704036601555748 -0.10189416034033211
 0.061742803810856513 0.060053505690805073 0.0066740925600563966
 -0.067464520751475243 -0.077521805603802341 -0.084502437262928165
 -0.032610400189318024 0.080889235839335438 0.035941139746501892
 0.084088949335922564 0.05561274794552068 -0.065288147021423992
 -0.054759230864442239 0.07633809107583002 -0.076287525653888077
 0.10494717042510113 0.096135486410742765 -0.01382204043274083
 -0.045437735572095829 0.087989435094980528 -0.083184403222771028
 0.095729219581758535 0.092605063898841933 -0.027226122959205817
 0.053410657678571678 -0.024009077936423571 -0.071918837827272056
 0.031941840918399793 0.030504678386309405 -0.080348281452056261
 -0.11104651066124559 0.13320844102088336 -0.14395583488529939
 -0.093905570709584718 -0.051058129786666989 -0.0082414402516368564
 0.0086015437131575553 -0.01204973207004746 0.053573602666075783
 -0.0793589838535389 -0.063795773797374195 -0.03194703441157546
 0.0098639134359704839 0.087014842483556606 0.0030330134522175145
 -0.052489222994722577 -0.097461783518695624 0.05544739891277517
 -0.065608115983402979 0.09330089035056624 -0.014933243102242278
 0.051881330156141402 0.12755595890466473 -0.12308930587789617
 0.06156933316826705 0.15843560860807915 -0.027390015854166068
 0.094992521487019699 0.03442896926634674 -0.12172112849715959
 0.051357163795790216 0.090725257367758827 -0.054794950856415704
 0.031533820527202126 0.058568753738210466 0.052339676027527017
 -0.060142624167137455 0.091365044815233082 0.068342305563722339
 -0.044787125777380428 0.036685266448739484 -0.084059431912431815
 -0.071530742283792331 0.040276133777515724 -0.033929828208579489
 -0.013453924879720776 -0.011101395033026743 0.056947106748987945
 0.10606591971647358 -0.064062502695156578 0.0049115202558272066
 -0.065293929351292967 -0.032237954852860407 0.053966684245157347
 0.0017302802931058131 -0.067237801613070275 0.026930005235694176
 -0.0084910793035072492 0.043007414205187743 0.022953919474793121
 0.035625686490916943 -0.015080674795033397 -0.00079046967435129542
 -0.070455610595183668 -0.014546395305283824 -0.13795116118742509
 0.051065292508827922 0.055000014098020959 -0.043991469967383338
 0.037334702568287241 -0.048846306345428983 0.007151396077911998
 -0.11220275059282157 -0.019447594277708005 -0.014088758409561164
 -0.10234613703869117 -0.019422733876289049 0.088571124275304267
 -0.062559451963891941 0.06035747495357368 -0.074151290234022393
 -0.03628302054703509 0.14173596798162841 -0.013834108897587974
 0.092523627046553675 0.07927448498584462 -0.13101862551492441
 -0.059405155962600022 -0.083006038844417623 0.057431404779686175
 0.068244165514175725 -0.031810523792389155 0.033835986009992082
 0.0095198723373522264 -0.079598999070904841 0.081141781900165022
 -0.056119221097146225 -0.059682693005169554 -0.025308700841955245
 0.075495165678943932 0.066423821647260725 0.078275180583681103
 0.026621964588979866 0.037158501071183556 -0.12277091724530924
 -0.054885719996839936 0.038836361837092395 0.02247468922471009
 -0.098783973470907116 0.026550364382201559 -0.033459570285424733
 0.070012400901126759 0.16599930887910991 -0.012494754385780512
 -0.0025943370906012474 0.028298082580470462 0.0028236642514503233
 0.09763688470629811 0.042196547837700549 0.076741705528682452
 -0.022636147292655014 -0.083111708382327343 0.03671632280541292
 -0.01001607996952643 0.0095014212452349672 0.041883475587256497
 -0.083942418348243744 0.055838492098772903 -0.065221326658215895
 -0.09278773355213743 0.076505874018091446 -0.016471522862086051
 -0.013013393100555224 0.12386671015554297 0.084559398040667602
 -0.14229876929718716 -0.044483540283152552 0.11507212577059535
 -0.071970197624624477 0.079117236953909154 -0.10012135575360623
 -0.0061464767947773504 -0.090553465952207673 -0.084627507152476814
 0.075837596211012465 -0.016402354103535403 0.06790802459765348
 -0.012951506594581311 -0.051172059153078972 0.052802205223548816
 -0.044548154230961347 0.054329859219804821 0.038997443957961626
 0.019186682413853136 -0.098303316082880621 0.021055797220466008
 -0.035028510220347121 -0.021217744226050914 -0.12445022623638653
 -0.0059110946988200535 -0.053673211962834325 -0.013535783317035723
 0.05374891555606847 0.058159018048221704 0.067038927619495259
 0.078009780282750019 0.072074811486555049 -0.035625193340263019
 -0.01837276853302975 -0.02020038112396658 -0.066381948233811966
 -0.074714355189070769 0.09145342288008354 -0.11261339044076189
 -0.017404973922335972 0.13279638022557261 -0.12391275793583638
 -0.065060198561462085 0.094873478865600297 0.0040002977409518215
 -0.0056085267073074227 -0.084028216474785561 -0.089561938110689215
 0.05774970868368532 0.081046246227539726 0.032020250013457312
 -0.040384335458461935 0.066248646136827141 0.062709679975031421
 -0.15498166371334499 0.064560330954104517 -0.049111225412170861
 -0.0749480164218293 0.046921838320357817 0.096642305898458833
 -0.091925337788623857 0.031559816621134842 0.021373805657834463
 0.06922625347334746 0.021720687599473466 -0.0051892357948166252
 0.06951073783247072 -0.076882856289487017 -0.074133923611272703
 0.11960888942794604 -0.04947917618307042 -0.0160309893723573
 0.094275860095370645 -0.029587348970471841 0.097898318786345029
 -0.15479771653011462 -0.00077833390003437361 0.079997775262655973
 -0.02892159079193185 -0.078548951096871114 0.17132202620858475
 0.037095116779412761 0.089800804409941717 0.0072752297923917514
 -0.10237815708192935 -0.0070780889621769464 0.0039860224431521474
 -0.063173613314972121 0.12017070754181601 0.068618056264060465
 -0.063511578463072177 -0.0017046036751713872 0.081035866867602321
 0.052704086961089795 -0.010265374707888415 0.042697970486605785
 0.11269791780175323 -0.0012831729397981453 0.12317667303142235
 -0.093669430901628825 0.011403983611673022 -0.00073251141224499664
 -0.077616002054760852 -0.01318625886506525 0.04815717035927089
 -0.033255160814217442 0.11301383021208994 0.0064298898294750106
 0.011815864855592337 0.054030303227902338 -0.070752706034307292
 -0.042439804114700407 0.097505886605029901 -0.034320832333129832
 -0.051566378414346102 0.142545907454314 -0.066600162404503171
 0.020180108419855049 -0.0040064156616224202 -0.0559818759071887
 -0.011121647927000723 0.14523908465879398 -0.077643369751930591
 0.027691877928317302 -0.10116115418539039 -0.022272492933045524
 0.079090283179280157 -0.025080018955020676 -0.094077566035129748
 -0.070585737939490217 0.082546013474340485 0.098063405484535682
 -0.011530208161421586 0.089023252210944773 0.085398334683082305
 0.010634212968674025 0.054105901976716379 0.14485321456514741
 -0.036552313121070094 -0.10431399991172556 0.15600463922574084
 -0.049359781730138524 -0.059794775598222785 0.14513239937128528
 -0.040477183817929835 -0.030133174429318722 -0.020415575485671252
 -0.10611797036935955 -0.13497477132625441 0.14317022242043523
 0.02659596983658603 -0.037085138310970683 0.035760553166188626
 -0.12211594706204519 0.039173740063379772 0.11725052533275936
 0.070115927412501416 -0.057578121879120703 0.01940900562458573
 0.069013128930583104 -0.03863419470273273 0.005542210535098911
 0.1393126936321086 -0.01228582282182239 -0.015314626806732574
 0.1067065522602561 -0.014897163940342888 -0.12841381476393052
 0.047923180439909625 0.0022886180819554161 0.012452272844520627
 0.02229598709449513 0.005197067057187468 -0.098237934321093609
